1.5000 0.9974949900 4987.4978377000
1.5500 0.9997837600 0.0207861000
1.6000 0.9995736000 -0.0291873000
1.6500 0.9968650300 -0.0790879000
1.7000 0.9916648100 -0.1287908000
1.7500 0.9839859500 -0.1781718000
1.8000 0.9738476300 -0.2271075000
1.8500 0.9612752000 -0.2754754000
1.9000 0.9463000900 -0.3231548000
1.9500 0.9289597200 -0.3700266000
2.0000 0.9092974300 -0.4159735000
2.0500 0.8873623700 -0.4608806000
2.1000 0.8632093700 -0.5046358000
2.1500 0.8368987900 -0.5471297000
2.2000 0.8084964000 -0.5882559000
2.2500 0.7780732000 -0.6279119000
2.3000 0.7457052100 -0.6659985000
2.3500 0.7114733500 -0.7024203000
2.4000 0.6754631800 -0.7370865000
2.4500 0.6377647000 -0.7699104000
2.5000 0.5984721400 -0.8008098000
2.5500 0.5576837200 -0.8297077000
2.6000 0.5155013700 -0.8565318000
2.6500 0.4720305400 -0.8812149000
2.7000 0.4273798800 -0.9036955000
2.7500 0.3816609900 -0.9239173000
2.8000 0.3349881500 -0.9418298000
2.8500 0.2874780100 -0.9573882000
2.9000 0.2392493300 -0.9705536000
2.9500 0.1904226500 -0.9812932000
3.0000 0.1411200100 -0.9895801000
3.0500 0.0914646400 -0.9953935000
3.1000 0.0415806600 -0.9987189000
3.1500 -0.0084072500 -0.9995480000
3.2000 -0.0583741400 -0.9978788000
3.2500 -0.1081951300 -0.9937155000
3.3000 -0.1577456900 -0.9870684000
3.3500 -0.2069019700 -0.9779541000
3.4000 -0.2555411000 -0.9663954000
3.4500 -0.3035415100 -0.9524213000
3.5000 -0.3507832300 -0.9360666000
3.5500 -0.3971481700 -0.9173721000
3.6000 -0.4425204400 -0.8963848000
3.6500 -0.4867866500 -0.8731570000
3.7000 -0.5298361400 -0.8477467000
3.7500 -0.5715613200 -0.8202175000
3.8000 -0.6118578900 -0.7906382000
3.8500 -0.6506251400 -0.7590827000
3.9000 -0.6877661600 -0.7256298000
3.9500 -0.7231881200 -0.6903634000
4.0000 -0.7568025000 -0.6533713000
4.0500 -0.7885252500 -0.6147461000
4.1000 -0.8182771100 -0.5745845000
4.1500 -0.8459837000 -0.5329866000
4.2000 -0.8715757700 -0.4900566000
4.2500 -0.8949893600 -0.4459017000
4.3000 -0.9161659400 -0.4006322000
4.3500 -0.9350525800 -0.3543613000
4.4000 -0.9516020700 -0.3072048000
4.4500 -0.9657730600 -0.2592805000
4.5000 -0.9775301200 -0.2107080000
4.5500 -0.9868438600 -0.1616088000
4.6000 -0.9936910000 -0.1121058000
4.6500 -0.9980544400 -0.0623226000
4.7000 -0.9999232600 -0.0123835000
4.7500 -0.9992927900 0.0375865000
4.8000 -0.9961646100 0.0874625000
4.8500 -0.9905465400 0.1371200000
4.9000 -0.9824526100 0.1864347000
4.9500 -0.9719030700 0.2352834000
5.0000 -0.9589242700 0.2835440000
5.0500 -0.9435486700 0.3310959000
5.1000 -0.9258146800 0.3778203000
5.1500 -0.9057666400 0.4236002000
5.2000 -0.8834546600 0.4683215000
5.2500 -0.8589344900 0.5118722000
5.3000 -0.8322674400 0.5541433000
5.3500 -0.8035201600 0.5950295000
5.4000 -0.7727644900 0.6344285000
5.4500 -0.7400773100 0.6722416000
5.5000 -0.7055403300 0.7083745000
5.5500 -0.6692398600 0.7427369000
5.6000 -0.6312666400 0.7752428000
5.6500 -0.5917155800 0.8058110000
5.7000 -0.5506855400 0.8343650000
5.7500 -0.5082790800 0.8608336000
5.8000 -0.4646021800 0.8851506000
5.8500 -0.4197640200 0.9072552000
5.9000 -0.3738766600 0.9270921000
5.9500 -0.3270548100 0.9446116000
6.0000 -0.2794155000 1397.5538931001
