1.5000 0.1051351981 -0.3079499478
1.5500 0.0904718742 -0.2785810562
1.6000 0.0772717779 -0.2495269515
1.6500 0.0655042734 -0.2213631583
1.7000 0.0551129743 -0.1945448029
1.7500 0.0460216352 -0.1694124033
1.8000 0.0381396665 -0.1462009196
1.8500 0.0313671366 -0.1250511249
1.9000 0.0255991651 -0.1060224085
1.9500 0.0207296569 -0.0891062169
2.0000 0.0166543633 -0.0742394497
2.0500 0.0132732858 -0.0613172606
2.1000 0.0104924638 -0.0502048434
2.1500 0.0082252044 -0.0407479176
2.2000 0.0063928248 -0.0327817400
2.2500 0.0049249819 -0.0261385797
2.3000 0.0037596669 -0.0206536724
2.3500 0.0028429378 -0.0161697415
2.4000 0.0021284599 -0.0125402177
2.4500 0.0015769134 -0.0096313215
2.5000 0.0011553230 -0.0073231865
2.5500 0.0008363501 -0.0055102047
2.6000 0.0005975842 -0.0041007687
2.6500 0.0004208595 -0.0030165685
2.7000 0.0002916133 -0.0021915856
2.7500 0.0001983014 -0.0015709019
2.8000 0.0001318745 -0.0011094208
2.8500 0.0000853194 -0.0007705782
2.9000 0.0000532640 -0.0005250958
2.9500 0.0000316425 -0.0003498201
3.0000 0.0000174156 -0.0002266684
3.0500 0.0000083412 -0.0001416951
3.1000 0.0000027882 -0.0000842836
3.1500 -0.0000004124 -0.0000464582
3.2000 -0.0000020847 -0.0000223098
3.2500 -0.0000027988 -0.0000075240
3.3000 -0.0000029410 0.0000010001
3.3500 -0.0000027663 0.0000054534
3.4000 -0.0000024379 0.0000073543
3.4500 -0.0000020560 0.0000077327
3.5000 -0.0000016785 0.0000072687
3.5500 -0.0000013358 0.0000063976
3.6000 -0.0000010411 0.0000053860
3.6500 -0.0000007970 0.0000043878
3.7000 -0.0000006007 0.0000034836
3.7500 -0.0000004465 0.0000027076
3.8000 -0.0000003277 0.0000020667
3.8500 -0.0000002377 0.0000015527
3.9000 -0.0000001705 0.0000011502
3.9500 -0.0000001211 0.0000008411
4.0000 -0.0000000852 0.0000006078
4.0500 -0.0000000593 0.0000004343
4.1000 -0.0000000410 0.0000003071
4.1500 -0.0000000280 0.0000002150
4.2000 -0.0000000190 0.0000001491
4.2500 -0.0000000128 0.0000001025
4.3000 -0.0000000085 0.0000000698
4.3500 -0.0000000057 0.0000000471
4.4000 -0.0000000037 0.0000000315
4.4500 -0.0000000024 0.0000000209
4.5000 -0.0000000016 0.0000000138
4.5500 -0.0000000010 0.0000000090
4.6000 -0.0000000006 0.0000000058
4.6500 -0.0000000004 0.0000000038
4.7000 -0.0000000003 0.0000000024
4.7500 -0.0000000002 0.0000000015
4.8000 -0.0000000001 0.0000000010
4.8500 -0.0000000001 0.0000000006
4.9000 -0.0000000000 0.0000000004
4.9500 -0.0000000000 0.0000000002
5.0000 -0.0000000000 0.0000000001
5.0500 -0.0000000000 0.0000000001
5.1000 -0.0000000000 0.0000000000
5.1500 -0.0000000000 0.0000000000
5.2000 -0.0000000000 0.0000000000
5.2500 -0.0000000000 0.0000000000
5.3000 -0.0000000000 0.0000000000
5.3500 -0.0000000000 0.0000000000
5.4000 -0.0000000000 0.0000000000
5.4500 -0.0000000000 0.0000000000
5.5000 -0.0000000000 0.0000000000
5.5500 -0.0000000000 0.0000000000
5.6000 -0.0000000000 0.0000000000
5.6500 -0.0000000000 0.0000000000
5.7000 -0.0000000000 0.0000000000
5.7500 -0.0000000000 0.0000000000
5.8000 -0.0000000000 0.0000000000
5.8500 -0.0000000000 0.0000000000
5.9000 -0.0000000000 0.0000000000
5.9500 -0.0000000000 0.0000000000
6.0000 -0.0000000000 0.0000000000
