1.5000 0.3238392086 -0.4627938027
1.5500 0.3007529067 -0.4599115451
1.6000 0.2779187462 -0.4527885478
1.6500 0.2555365323 -0.4419171368
1.7000 0.2337810883 -0.4278024323
1.7500 0.2128018850 -0.4109517101
1.8000 0.1927231793 -0.3918647205
1.8500 0.1736446100 -0.3710251090
1.9000 0.1556421927 -0.3488930413
1.9500 0.1387696514 -0.3258990896
2.0000 0.1230600248 -0.3024393995
2.0500 0.1085274821 -0.2788721208
2.1000 0.0951692861 -0.2555150494
2.1500 0.0829678467 -0.2326444061
2.2000 0.0718928079 -0.2104946493
2.2500 0.0619031213 -0.1892592084
2.3000 0.0529490624 -0.1690920088
2.3500 0.0449741538 -0.1501096553
2.4000 0.0379169654 -0.1323941393
2.4500 0.0317127691 -0.1159959367
2.5000 0.0262950309 -0.1009373719
2.5500 0.0215967316 -0.0872161290
2.6000 0.0175515096 -0.0748088069
2.6500 0.0140946274 -0.0636744258
2.7000 0.0111637650 -0.0537578053
2.7500 0.0086996497 -0.0449927530
2.8000 0.0066465316 -0.0373050119
2.8500 0.0049525192 -0.0306149325
2.9000 0.0035697881 -0.0248398450
2.9500 0.0024546792 -0.0198961219
3.0000 0.0015677017 -0.0157009287
3.0500 0.0008734560 -0.0121736695
3.1000 0.0003404916 -0.0092371434
3.1500 -0.0000588858 -0.0068184297
3.2000 -0.0003488452 -0.0048495280
3.2500 -0.0005502879 -0.0032677768
3.3000 -0.0006811207 -0.0020160816
3.3500 -0.0007565362 -0.0010429793
3.4000 -0.0007892937 -0.0003025659
3.4500 -0.0007899927 0.0002456840
3.5000 -0.0007673352 0.0006371824
3.5500 -0.0007283740 0.0009025561
3.6000 -0.0006787426 0.0010680156
3.6500 -0.0006228659 0.0011557503
3.7000 -0.0005641516 0.0011843327
3.7500 -0.0005051609 0.0011691215
3.8000 -0.0004477591 0.0011226524
3.8500 -0.0003932474 0.0010550105
3.9000 -0.0003424769 0.0009741779
3.9500 -0.0002959453 0.0008863536
4.0000 -0.0002538790 0.0007962428
4.0500 -0.0002163007 0.0007073164
4.1000 -0.0001830861 0.0006220384
4.1500 -0.0001540081 0.0005420651
4.2000 -0.0001287739 0.0004684151
4.2500 -0.0001070523 0.0004016143
4.3000 -0.0000884956 0.0003418165
4.3500 -0.0000727558 0.0002889035
4.4000 -0.0000594956 0.0002425657
4.4500 -0.0000483968 0.0002023674
4.5000 -0.0000391650 0.0001677971
4.5500 -0.0000315324 0.0001383066
4.6000 -0.0000252590 0.0001133404
4.6500 -0.0000201321 0.0000923564
4.7000 -0.0000159656 0.0000748403
4.7500 -0.0000125982 0.0000603155
4.8000 -0.0000098914 0.0000483476
4.8500 -0.0000077273 0.0000385476
4.9000 -0.0000060063 0.0000305711
4.9500 -0.0000046449 0.0000241170
5.0000 -0.0000035736 0.0000189250
5.0500 -0.0000027351 0.0000147722
5.1000 -0.0000020822 0.0000114694
5.1500 -0.0000015766 0.0000088573
5.2000 -0.0000011872 0.0000068030
5.2500 -0.0000008889 0.0000051965
5.3000 -0.0000006616 0.0000039472
5.3500 -0.0000004894 0.0000029811
5.4000 -0.0000003598 0.0000022383
5.4500 -0.0000002627 0.0000016704
5.5000 -0.0000001905 0.0000012389
5.5500 -0.0000001371 0.0000009128
5.6000 -0.0000000978 0.0000006680
5.6500 -0.0000000692 0.0000004854
5.7000 -0.0000000485 0.0000003500
5.7500 -0.0000000336 0.0000002503
5.8000 -0.0000000230 0.0000001774
5.8500 -0.0000000155 0.0000001246
5.9000 -0.0000000103 0.0000000865
5.9500 -0.0000000067 0.0000000594
6.0000 -0.0000000043 0.0000000402
