1.5000 0.0341324015 -0.1511753146
1.5500 0.0272155641 -0.1259863097
1.6000 0.0214844365 -0.1037529002
1.6500 0.0167913754 -0.0844500365
1.7000 0.0129926675 -0.0679507102
1.7500 0.0099528766 -0.0540555370
1.8000 0.0075477904 -0.0425189956
1.8500 0.0056661549 -0.0330716042
1.9000 0.0042104088 -0.0254377555
1.9500 0.0030966329 -0.0193492798
2.0000 0.0022539230 -0.0145550634
2.0500 0.0016233687 -0.0108272190
2.1000 0.0011567996 -0.0079643900
2.1500 0.0008154242 -0.0057927988
2.2000 0.0005684603 -0.0041656182
2.2500 0.0003918291 -0.0029611883
2.3000 0.0002669565 -0.0020805213
2.3500 0.0001797098 -0.0014444511
2.4000 0.0001194806 -0.0009906956
2.4500 0.0000784118 -0.0006710252
2.5000 0.0000507614 -0.0004486618
2.5500 0.0000323883 -0.0002959771
2.6000 0.0000203462 -0.0001925209
2.6500 0.0000125667 -0.0001233751
2.7000 0.0000076174 -0.0000778142
2.7500 0.0000045201 -0.0000482377
2.8000 0.0000026165 -0.0000293384
2.8500 0.0000014698 -0.0000174642
2.9000 0.0000007947 -0.0000101396
2.9500 0.0000004079 -0.0000057127
3.0000 0.0000001935 -0.0000030985
3.0500 0.0000000797 -0.0000015961
3.1000 0.0000000228 -0.0000007610
3.1500 -0.0000000029 -0.0000003163
3.2000 -0.0000000125 -0.0000000935
3.2500 -0.0000000142 0.0000000080
3.3000 -0.0000000127 0.0000000462
3.3500 -0.0000000101 0.0000000538
3.4000 -0.0000000075 0.0000000483
3.4500 -0.0000000054 0.0000000386
3.5000 -0.0000000037 0.0000000288
3.5500 -0.0000000024 0.0000000204
3.6000 -0.0000000016 0.0000000140
3.6500 -0.0000000010 0.0000000093
3.7000 -0.0000000006 0.0000000061
3.7500 -0.0000000004 0.0000000039
3.8000 -0.0000000002 0.0000000024
3.8500 -0.0000000001 0.0000000015
3.9000 -0.0000000001 0.0000000009
3.9500 -0.0000000000 0.0000000005
4.0000 -0.0000000000 0.0000000003
4.0500 -0.0000000000 0.0000000002
4.1000 -0.0000000000 0.0000000001
4.1500 -0.0000000000 0.0000000001
4.2000 -0.0000000000 0.0000000000
4.2500 -0.0000000000 0.0000000000
4.3000 -0.0000000000 0.0000000000
4.3500 -0.0000000000 0.0000000000
4.4000 -0.0000000000 0.0000000000
4.4500 -0.0000000000 0.0000000000
4.5000 -0.0000000000 0.0000000000
4.5500 -0.0000000000 0.0000000000
4.6000 -0.0000000000 0.0000000000
4.6500 -0.0000000000 0.0000000000
4.7000 -0.0000000000 0.0000000000
4.7500 -0.0000000000 0.0000000000
4.8000 -0.0000000000 0.0000000000
4.8500 -0.0000000000 0.0000000000
4.9000 -0.0000000000 0.0000000000
4.9500 -0.0000000000 0.0000000000
5.0000 -0.0000000000 0.0000000000
5.0500 -0.0000000000 0.0000000000
5.1000 -0.0000000000 0.0000000000
5.1500 -0.0000000000 0.0000000000
5.2000 -0.0000000000 0.0000000000
5.2500 -0.0000000000 0.0000000000
5.3000 -0.0000000000 0.0000000000
5.3500 -0.0000000000 0.0000000000
5.4000 -0.0000000000 0.0000000000
5.4500 -0.0000000000 0.0000000000
5.5000 -0.0000000000 0.0000000000
5.5500 -0.0000000000 0.0000000000
5.6000 -0.0000000000 0.0000000000
5.6500 -0.0000000000 0.0000000000
5.7000 -0.0000000000 0.0000000000
5.7500 -0.0000000000 0.0000000000
5.8000 -0.0000000000 0.0000000000
5.8500 -0.0000000000 0.0000000000
5.9000 -0.0000000000 0.0000000000
5.9500 -0.0000000000 0.0000000000
6.0000 -0.0000000000 0.0000000000
