1.5000 0.99749499
1.5500 0.99978376
1.6000 0.99957360
1.6500 0.99686503
1.7000 0.99166481
1.7500 0.98398595
1.8000 0.97384763
1.8500 0.96127520
1.9000 0.94630009
1.9500 0.92895972
2.0000 0.90929743
2.0500 0.88736237
2.1000 0.86320937
2.1500 0.83689879
2.2000 0.80849640
2.2500 0.77807320
2.3000 0.74570521
2.3500 0.71147335
2.4000 0.67546318
2.4500 0.63776470
2.5000 0.59847214
2.5500 0.55768372
2.6000 0.51550137
2.6500 0.47203054
2.7000 0.42737988
2.7500 0.38166099
2.8000 0.33498815
2.8500 0.28747801
2.9000 0.23924933
2.9500 0.19042265
3.0000 0.14112001
3.0500 0.09146464
3.1000 0.04158066
3.1500 -0.00840725
3.2000 -0.05837414
3.2500 -0.10819513
3.3000 -0.15774569
3.3500 -0.20690197
3.4000 -0.25554110
3.4500 -0.30354151
3.5000 -0.35078323
3.5500 -0.39714817
3.6000 -0.44252044
3.6500 -0.48678665
3.7000 -0.52983614
3.7500 -0.57156132
3.8000 -0.61185789
3.8500 -0.65062514
3.9000 -0.68776616
3.9500 -0.72318812
4.0000 -0.75680250
4.0500 -0.78852525
4.1000 -0.81827711
4.1500 -0.84598370
4.2000 -0.87157577
4.2500 -0.89498936
4.3000 -0.91616594
4.3500 -0.93505258
4.4000 -0.95160207
4.4500 -0.96577306
4.5000 -0.97753012
4.5500 -0.98684386
4.6000 -0.99369100
4.6500 -0.99805444
4.7000 -0.99992326
4.7500 -0.99929279
4.8000 -0.99616461
4.8500 -0.99054654
4.9000 -0.98245261
4.9500 -0.97190307
5.0000 -0.95892427
5.0500 -0.94354867
5.1000 -0.92581468
5.1500 -0.90576664
5.2000 -0.88345466
5.2500 -0.85893449
5.3000 -0.83226744
5.3500 -0.80352016
5.4000 -0.77276449
5.4500 -0.74007731
5.5000 -0.70554033
5.5500 -0.66923986
5.6000 -0.63126664
5.6500 -0.59171558
5.7000 -0.55068554
5.7500 -0.50827908
5.8000 -0.46460218
5.8500 -0.41976402
5.9000 -0.37387666
5.9500 -0.32705481
6.0000 -0.27941550
